19.6780414
21.35613949
19.60466029
19.25988423
18.60239795
20.02392464
19.89289111
16.91871444
18.91756155
22.35219861
20.54203211
21.11791444
21.17081374
23.24408983
25.38869013
26.83887315
23.11621066
22.0691466
22.97322186
22.7644531
23.34647495
23.08412049
21.09376443
16.68204411
15.74056011
19.20075347
19.09310889
22.30466061
22.71852835
26.90278706
20.16660691
19.76910062
18.93460235
20.84635875
22.99348937
19.1775141
17.26700852
17.76399055
18.1646948
17.38954557
18.90312094
18.74177279
17.44902565
16.85670895
17.9125016
17.20486284
17.81647264
19.81933365
21.61937589
18.7961497
21.8013473
21.82629396
21.4172046
21.6937857
20.54839701
17.61140438
15.44584679
