96.15
98.67
103.41
102.19
100.30
98.58
103.05
101.47
102.87
105.06
101.95
99.74
98.59
99.45
111.98
107.36
106.03
107.00
111.47
110.65
109.21
108.89
109.59
107.56
103.52
104.00
115.42
112.35
110.86
111.50
113.15
115.15
110.95
111.33
111.73
111.25
108.55
107.80
119.09
112.61
117.19
114.40
119.41
121.06
116.21
119.33
118.67
116.30
114.79
113.33
125.11
120.29
123.90
122.38
127.85
129.05
123.24
129.17
125.88
122.43
121.86
121.91
128.99
129.48
128.92
130.59
136.53
133.87
132.60
132.80
124.58
118.90
115.20
115.26
127.81
123.09
124.41
125.61
131.44
130.70
129.81
132.48
129.62
129.23
125.81
127.61
143.44
136.87
136.52
136.09
141.64
141.55
139.46
139.33
139.68
136.69
132.66
136.18
144.93
139.89
143.23
141.75
145.19
147.51
142.30
142.02
141.87
139.23
133.34
135.35
146.35
139.85
144.56
142.28
147.46
149.91
141.60
147.71
144.15
139.52
139.32
136.14
148.01
149.79
147.03
144.87
152.13
151.81
147.27
151.90
147.79
145.77
142.72
143.53
149.03
147.69
147.14
140.88
149.85
148.27
148.12
149.70
144.92
145.48
139.09
136.80
150.00
142.66
140.11
139.02
143.58
141.12
138.56
140.45
136.13
136.40
128.41
130.88
140.56
136.04
133.61
135.35
136.49
137.95
133.82
132.58
132.32
133.36
128.66
129.82
142.30
133.78
136.11
135.11
138.37
140.06
134.96
135.98
135.23
136.02
132.13
129.87
141.44
138.72
132.35
137.32
140.99
143.00
135.75
139.55
137.64
136.27
