100.42
101.87
102.23
101.13
99.68
100.40
99.01
99.77
101.64
101.70
101.98
101.65
103.52
104.44
106.08
106.56
106.27
107.31
107.75
108.20
109.43
108.66
109.64
108.89
109.60
110.17
110.58
111.12
110.92
110.53
110.69
111.23
110.86
110.89
111.80
112.24
113.30
113.62
113.85
114.24
115.57
114.74
116.93
116.52
116.85
118.06
118.81
120.00
119.62
120.21
119.66
121.27
122.27
123.39
124.28
124.28
125.27
126.17
126.10
126.99
127.16
126.76
126.76
127.67
129.48
131.07
130.88
131.00
130.78
128.12
124.88
121.01
120.81
122.25
123.28
123.54
124.84
125.85
126.29
128.02
129.13
129.75
129.96
131.26
133.50
135.26
136.73
137.00
136.52
136.20
136.84
137.67
139.33
138.80
140.06
138.46
140.19
140.67
141.27
140.86
141.26
142.15
142.23
141.91
141.76
141.56
142.28
140.40
138.84
140.43
139.93
141.13
142.68
143.55
143.90
144.36
143.63
144.83
144.65
144.24
144.93
143.90
144.93
146.07
147.03
146.20
146.94
147.06
148.23
148.15
148.45
148.78
148.27
147.83
147.80
146.86
146.30
143.60
144.56
145.70
146.08
145.60
145.77
146.51
145.25
144.26
143.75
142.31
141.20
139.80
138.87
139.14
138.06
138.93
137.13
136.65
135.93
135.53
134.42
134.79
134.61
134.99
134.77
134.24
134.43
133.87
133.98
133.04
134.31
136.26
135.84
135.78
135.38
135.97
136.37
135.94
