18.70
19.22
18.70
18.05
19.49
19.83
19.21
18.08
19.34
19.20
18.46
17.24
17.60
17.55
16.92
16.12
20.54
18.41
17.44
17.10
19.74
19.17
18.17
16.76
18.35
17.85
17.88
17.68
17.69
16.40
16.34
16.12
17.27
17.30
17.95
16.78
17.09
17.31
17.48
16.39
17.45
17.31
17.54
16.61
17.30
17.77
18.78
18.06
18.59
19.20
20.78
18.86
17.85
18.34
20.21
19.77
20.08
20.48
21.53
20.03
20.66
20.33
21.32
20.14
20.65
20.64
21.10
20.47
20.67
21.13
21.52
20.34
20.74
19.86
19.81
19.15
19.01
18.02
17.93
16.48
16.53
16.46
16.28
15.28
15.45
15.25
16.08
15.74
