105.88
103.55
101.58
100.99
96.34
96.88
95.39
96.57
101.26
101.59
105.48
97.73
104.52
105.65
106.30
109.09
108.69
109.79
111.68
111.34
110.61
110.22
110.85
106.17
108.45
107.54
109.11
108.04
110.19
115.25
110.19
113.22
112.26
108.77
112.14
115.42
115.01
116.71
117.78
115.38
117.24
117.48
119.41
117.10
117.76
119.40
121.74
124.11
124.52
127.15
126.80
129.17
130.27
131.76
133.06
134.99
135.96
136.77
137.01
139.98
143.83
141.18
143.15
145.25
144.51
153.01
156.76
159.20
159.78
159.80
145.21
129.73
128.36
126.04
130.29
133.63
136.86
140.99
147.00
152.44
157.55
161.76
163.33
164.30
166.00
166.41
168.50
165.35
167.49
169.48
171.56
174.53
180.80
174.35
176.91
176.02
174.42
180.30
180.93
177.04
185.46
186.36
188.61
186.08
183.56
180.65
183.61
192.94
185.46
185.27
183.86
183.87
183.96
182.10
183.79
184.60
183.70
186.22
185.05
190.36
188.57
190.04
192.86
198.88
189.67
204.36
194.90
198.54
201.01
202.67
197.24
187.79
194.65
194.57
193.80
193.24
191.10
179.85
180.57
184.61
186.10
186.98
186.82
175.74
182.55
176.19
173.36
167.92
164.66
158.28
158.26
156.75
153.73
151.97
149.15
141.95
150.12
141.00
142.84
140.56
142.06
154.24
143.84
137.97
137.17
134.09
136.31
138.09
135.54
137.96
133.51
135.91
136.55
138.93
137.60
138.30
138.73
139.22
136.39
146.44
139.07
141.86
143.21
145.46
128.61
144.72
151.44
148.33
146.62
145.97
147.82
141.51
