1996
1996.25
1996.5
1996.75
1997
1997.25
1997.5
1997.75
1998
1998.25
1998.5
1998.75
1999
1999.25
1999.5
1999.75
2000
2000.25
2000.5
2000.75
2001
2001.25
2001.5
2001.75
2002
2002.25
2002.5
2002.75
2003
2003.25
2003.5
2003.75
2004
2004.25
2004.5
2004.75
2005
2005.25
2005.5
2005.75
2006
2006.25
2006.5
2006.75
2007
2007.25
2007.5
2007.75
2008
2008.25
2008.5
2008.75
2009
2009.25
2009.5
2009.75
2010
2010.25
2010.5
2010.75
2011
2011.25
2011.5
2011.75
2012
2012.25
2012.5
2012.75
2013
2013.25
2013.5
2013.75
2014
2014.25
2014.5
2014.75
2015
2015.25
2015.5
2015.75
2016
2016.25
2016.5
2016.75
2017
2017.25
2017.5
2017.75
2018
