1      0.016222484927633
2      0.0383519717091127
3      0.00120265465175377
4      0.042537627513692
5      0.0322494118412629
6      0.0447647742649901
7      0.0500014251049349
8      0.0497905471642628
9      0.0351628476857033
10      0.130689297096624
11      0.0456094917788138
12      0.056201385401366
13      0.00832707367243508
14      0.0262508224306431
15      0.0320547045002922
16      0.0219467177781468
17      0.00694450465237156
18      0.0243772167193191
19      0.00569236574598257
20      0.034196496216817
21      0.00222031488780652
22      0.0244804814422968
23      0.0100791249126195
24      0.00230314779604433
25      0.00872339418791433
26      0.00262552195080958
27      0.00398047858028486
28      0.00219623797353248
29      0.0172000809797245
30      0.0254192829962146
31      0.00171062015128412
32      0.00270970664786092
33      0.00183904566216047
34      0.000312830396776074
35      0.00363497990747382
36      0.00149688968286342
37      0.00303164546613696
38      0.00537783990613945
40      0.00729003768952194
41      0.000312233038363095
42      0.00334716328825286
43      0.00077308928900724
44      0.00386966901126911
45      0.00559035861993436
46      0.000613724137835513
47      0.0000280539277292952
48      0.000671052204497833
50      0.0208202916160908
51      0.000217750127767911
52      0.000533991810829042
53      0.0000523486928886099
54      0.000349684232350808
55      0.00118971026005914
56      0.000166412493013302
57      0.00026015289540038
58      0.0018691226853639
59      0.000421050399234653
60      0.0315360948403833
61      0.000731157589936396
62      0.000443644992600297
63      0.0006777285821588
65      0.00119644651272968
66      0.000148555722762023
67      0.000917297094151532
68      0.00116271894025393
69      0.000340196664941362
70      0.00317665347974038
71      0.00000756585524602511
72      0.000310355368860468
73      0.000251653116431925
74      0.00018320883525208
75      0.000159670191357483
76      0.000106114919330461
77      0.0000368006301061521
78      0.000250291263836943
79      0.0000307742671866529
80      0.00387900065298959
82      0.00369650315246181
83      0.000168055043586903
84      0.0000320156991743373
85      0.00065035726388959
86      0.000447298053148522
89      0.00158642975624655
90      0.00301166378360448
91      0.0000280539277292952
93      0.0000462463204113884
94      0.0000323709631608839
95      0.000182925529806289
96      0.000167799891900656
97      0.000771313352045755
98      0.00180313866839316
100      0.00521396186048736
101      0.0000294019826686806
102      0.000128189416702977
104      0.0000858392653786002
105      0.000317455000115708
109      0.00561622086061361
110      0.00192426686608456
112      0.0000488368824503876
115      0.000342689390448816
119      0.0000280539277292952
120      0.00223118891200335
124      0.000131764651112464
125      0.000666443861983734
128      0.0000406711429988085
130      0.00148832097840152
132      0.0000706013594926569
135      0.000367967577592843
136      0.0000441467856133951
137      0.000131827420179983
139      0.0000196776083047909
140      0.00733674038151937
143      0.0000858392653786002
145      0.000145042309509887
148      0.000557797588893727
150      0.00285308367607377
152      0.0000411693223825873
155      0.000124581912855776
160      0.00052989244795654
162      0.0000323709631608839
165      0.0000581488507556739
170      0.000355265456007799
171      0.0000613719583170212
174      0.0000125543141289133
180      0.000283589233920517
182      0.000157309076311696
190      0.000177565920559367
196      0.000283346408807461
198      0.000194840538785686
200      0.00183051748726184
202      0.0000194952470954183
204      0.000131827420179983
206      0.0000613719583170212
210      0.00682017969053584
220      0.00201713357509479
225      0.000356279096008308
227      0.0000441467856133951
230      0.00027177192762774
232      0.0000163351793079363
234      0.000124581912855776
240      0.0000887710147297969
247      0.0000323709631608839
250      0.000378020803950024
256      0.000259285727020197
265      0.0000551981350795757
270      0.000862413840935884
272      0.0000303007341972789
280      0.000131827420179983
287      0.0000303007341972789
290      0.0000740544065750802
300      0.00165468634797033
304      0.0000252190341677776
305      0.0000423501513243767
310      0.00183078933959649
320      0.000268424626817372
322      0.0000331052877527834
330      0.0002422182558693
335      0.000144641376022703
340      0.0000303007341972789
341      0.0000303007341972789
350      0.000159395247116427
360      0.00160125157735407
365      0.000056400051568913
370      0.0000291364837126692
374      0.000066647380626655
378      0.0000303007341972789
380      0.000404578084463424
392      0.0000162639041935028
400      0.000452099613872267
408      0.00002890887400662
415      0.00118125708895203
420      0.0000613719583170212
430      0.00061419764046264
440      0.000135487972138494
441      0.0000115060811636348
448      0.0000190737063016065
450      0.00108156235608073
460      0.0000581488507556739
471      0.000247188284837781
480      0.0000162639041935028
500      0.000150102342361656
515      0.0000430520800009694
520      0.000609459076931714
528      0.0000280539277292952
540      0.0000313769110049037
550      0.000848091773714586
560      0.0000957661633693689
570      0.0000303007341972789
581      0.000206667520271665
595      0.0000162639041935028
600      0.000165639067453712
603      0.0000589241425138917
630      0.0000581488507556739
650      0.0000320156991743373
660      0.0000568000579326108
700      0.000155782480660161
720      0.000131566118310978
750      0.0000909731480641916
760      0.000270043798843458
800      0.0000699033004143529
820      0.0000303007341972789
850      0.0000242879226043447
900      0.000321296817166967
991      0.0000411693223825873
1000      0.00182544841806667
1013      0.0000316077878461127
1030      0.0000320156991743373
1050      0.0000912951056747756
1080      0.0000303217977128895
1100      0.000129622455634348
1133      0.0000595657011686238
1140      0.0000303007341972789
1200      0.000669607828843779
1250      0.00009476971897022
1300      0.000295926118324007
1320      0.0000984599815385227
1350      0.000067562672213681
1500      0.000141013231125369
1540      0.0000545148065876165
1550      0.000174695667598763
1585      0.000131827420179983
1600      0.0000430520800009694
1650      0.0000303007341972789
1791      0.0000303007341972789
1800      0.0013712633775827
1900      0.000058901516371997
1940      0.000955794786866721
1970      0.0000858392653786002
2000      0.000173570233910778
2200      0.000147280972837822
2250      0.000292662243956846
2310      0.0000316077878461127
2400      0.0000303007341972789
2530      0.0000478850639088901
2600      0.0000430520800009694
2700      0.0000478850639088901
2800      0.000127343370100341
3000      0.000372760485226808
3200      0.0000303007341972789
4000      0.0000613719583170212
4300      0.00124850653252524
4630      0.0000589241425138917
5200      0.000449675970484301
5230      0.0000984599815385227
5300      0.0000504080533189346
5500      0.0000656225100823402
5900      0.00154181435944413
6500      0.0000136515427073467
8430      0.0000478850639088901
9716      0.0000303007341972789
