2003.00
2003.08
2003.17
2003.25
2003.33
2003.42
2003.50
2003.58
2003.67
2003.75
2003.83
2003.92
2004.00
2004.08
2004.17
2004.25
2004.33
2004.42
2004.50
2004.58
2004.67
2004.75
2004.83
2004.92
2005.00
2005.08
2005.17
2005.25
2005.33
2005.42
2005.50
2005.58
2005.67
2005.75
2005.83
2005.92
2006.00
2006.08
2006.17
2006.25
2006.33
2006.42
2006.50
2006.58
2006.67
2006.75
2006.83
2006.92
2007.00
2007.08
2007.17
2007.25
2007.33
2007.42
2007.50
2007.58
2007.67
2007.75
2007.83
2007.92
2008.00
2008.08
2008.17
2008.25
2008.33
2008.42
2008.50
2008.58
2008.67
2008.75
2008.83
2008.92
2009.00
2009.08
2009.17
2009.25
2009.33
2009.42
2009.50
2009.58
2009.67
2009.75
2009.83
2009.92
2010.00
2010.08
2010.17
2010.25
2010.33
2010.42
2010.50
2010.58
2010.67
2010.75
2010.83
2010.92
2011.00
2011.08
2011.17
2011.25
2011.33
2011.42
2011.50
2011.58
2011.67
2011.75
2011.83
2011.92
2012.00
2012.08
2012.17
2012.25
2012.33
2012.42
2012.50
2012.58
2012.67
2012.75
2012.83
2012.92
2013.00
2013.08
2013.17
2013.25
2013.33
2013.42
2013.50
2013.58
2013.67
2013.75
2013.83
2013.92
2014.00
2014.08
2014.17
2014.25
2014.33
2014.42
2014.50
2014.58
2014.67
2014.75
2014.83
2014.92
2015.00
2015.08
2015.17
2015.25
2015.33
2015.42
2015.50
2015.58
2015.67
2015.75
2015.83
2015.92
2016.00
2016.08
2016.17
2016.25
2016.33
2016.42
2016.50
2016.58
2016.67
2016.75
2016.83
2016.92
2017.00
2017.08
2017.17
2017.25
2017.33
2017.42
2017.50
2017.58
2017.67
2017.75
2017.83
2017.92
2018.00
2018.08
2018.17
2018.25
2018.33
2018.42
2018.50
2018.58
2018.67
2018.75
2018.83
2018.92
2019.00
2019.08
2019.17
2019.25
2019.33
2019.42
2019.50
2019.58
2019.67
2019.75
2019.83
2019.92
2020.00
2020.08
2020.17
2020.25
